0.000000000000000000e+00 0.000000000000000000e+00
3.600000000000000000e+03 1.499999999999999778e+00
7.200000000000000000e+03 2.598076211353316012e+00
1.080000000000000000e+04 3.000000000000000000e+00
1.440000000000000000e+04 2.598076211353316456e+00
1.800000000000000000e+04 1.499999999999999778e+00
2.160000000000000000e+04 3.673940397442059375e-16
2.520000000000000000e+04 -1.500000000000000444e+00
2.880000000000000000e+04 -2.598076211353315124e+00
3.240000000000000000e+04 -3.000000000000000000e+00
3.600000000000000000e+04 -2.598076211353316012e+00
3.960000000000000000e+04 -1.500000000000001332e+00
4.320000000000000000e+04 -7.347880794884118750e-16
4.680000000000000000e+04 1.499999999999997780e+00
5.040000000000000000e+04 2.598076211353316456e+00
5.400000000000000000e+04 3.000000000000000000e+00
5.760000000000000000e+04 2.598076211353317344e+00
6.120000000000000000e+04 1.499999999999999334e+00
6.480000000000000000e+04 1.102182119232617911e-15
6.840000000000000000e+04 -1.499999999999997558e+00
7.200000000000000000e+04 -2.598076211353316012e+00
7.560000000000000000e+04 -3.000000000000000000e+00
7.920000000000000000e+04 -2.598076211353317344e+00
8.280000000000000000e+04 -1.499999999999999556e+00
