0.000000000000000000e+00 0.000000000000000000e+00
3.600000000000000000e+03 4.999999999999999445e-01
7.200000000000000000e+03 8.660254037844385966e-01
1.080000000000000000e+04 1.000000000000000000e+00
1.440000000000000000e+04 8.660254037844388186e-01
1.800000000000000000e+04 4.999999999999999445e-01
2.160000000000000000e+04 1.224646799147353207e-16
2.520000000000000000e+04 -5.000000000000001110e-01
2.880000000000000000e+04 -8.660254037844383745e-01
3.240000000000000000e+04 -1.000000000000000000e+00
3.600000000000000000e+04 -8.660254037844385966e-01
3.960000000000000000e+04 -5.000000000000004441e-01
4.320000000000000000e+04 -2.449293598294706414e-16
4.680000000000000000e+04 4.999999999999992784e-01
5.040000000000000000e+04 8.660254037844388186e-01
5.400000000000000000e+04 1.000000000000000000e+00
5.760000000000000000e+04 8.660254037844391517e-01
6.120000000000000000e+04 4.999999999999997780e-01
6.480000000000000000e+04 3.673940397442059375e-16
6.840000000000000000e+04 -4.999999999999991673e-01
7.200000000000000000e+04 -8.660254037844387076e-01
7.560000000000000000e+04 -1.000000000000000000e+00
7.920000000000000000e+04 -8.660254037844391517e-01
8.280000000000000000e+04 -4.999999999999998335e-01
